# Trees.
# Each line: X, Y, type, horizontal scale, vertical scale
147, 109,   1
123, 137,   1
103, 173,   1
128, 182,   1
176, 188,   1
194, 155,   1
247, 143,   1
273, 99,   1
399, 48,   1
445, 91,   1
497, 140,   1
409, 151,   1
403, 204,   1
471, 221,   1
44, 331
65, 380
107, 355
253, 416
207, 475
144, 486
179, 519
152, 699
189, 703
403, 441
508, 443
556, 419
475, 523
475, 569
474, 621
471, 682
476, 727
524, 523
528, 567
526, 623
528, 684
527, 727
580, 526
579, 585
584, 627
582, 687
584, 729
583, 783
586, 835
586, 884
583, 924
581, 963
51, 1003
91, 1001
131, 1008
173, 1008
205, 1004
240, 1009
280, 1003
321, 1007
366, 1004
411, 1009
468, 1003
512, 1001
559, 1007
599, 1005
720, 40,   1
718, 79,   1
710, 215,   1
691, 237,   1
699, 298,   1
700, 367,   1
703, 886,   1
699, 941,   1
749, 867,   1
764, 895,   1
781, 839,   1
810, 859,   1
827, 839,   1
981, 224,   1
956, 309,   1
936, 398,   1
928, 493,   1
912, 576,   1
900, 646,   1
883, 702,   1
